ADoorRed.png_kmeans:[3.0622598757148727, 1.5794891370003008, 573.56181971637091, 21.720109654514047, 91.348509437818478, 51.014920444532706]
ADoorRed.png_minibatchmeans:[3.0646354770224575, 1.5811143192091361, 566.68275371880941, 21.513670226403292, 91.361996937787552, 51.142686421215096]
ADoorRed.png_randmeans:[0.67321046789174277, 0.42599332137848223, 785.05849899874488, 6.0372950298264678, 22.671468199162003, 13.91371185086864]
ADoorRed.png_designer:[1.0, 1.0, 0.0, 17.243197402807827, 64.769264843183933, 36.278846079535285]
ADoorPalette.png_kmeans:[1.3648882239113906, 0.94450891598852316, 734.00921850873226, 12.951612563984511, 74.269408761654887, 38.44739379947058]
ADoorPalette.png_minibatchmeans:[1.3154756101977749, 0.99751589398541429, 714.81407777246545, 12.509838946655483, 71.662493456896513, 37.72154000595438]
ADoorPalette.png_randmeans:[1.0718603594808203, 1.281603003144542, 548.06339963857681, 6.0089103624355547, 61.95728981046927, 39.32760070785482]
ADoorPalette.png_designer:[1.0, 1.0, 0.0, 15.131876511847951, 57.743540873754846, 41.50584076015109]
ADoorOrange.png_kmeans:[0.39401161616855623, 0.81317751505779778, 1266.7743796933264, 15.240856346630327, 94.202745153784306, 48.32653570715332]
ADoorOrange.png_minibatchmeans:[0.43365840195479227, 0.48192624356798996, 2669.1776272037823, 12.381097237987591, 59.236356879768962, 36.20943561970093]
ADoorOrange.png_randmeans:[0.21396811880969896, 0.03545043485725842, 3874.5211169680647, 0.0, 33.138228066011465, 12.407483746052613]
ADoorOrange.png_designer:[1.0, 1.0, 0.0, 11.716591036185269, 113.70315809468384, 72.67391052874196]
ADoorHues_10.png_kmeans:[0.72826874762407945, 1.0672785873498407, 1681.815760260949, 20.706599608200595, 80.529578148793945, 49.74203836282824]
ADoorHues_10.png_minibatchmeans:[0.73169652234888971, 1.0424842231173372, 1682.3498642754673, 19.696665724063699, 80.509843696336389, 49.54068451913168]
ADoorHues_10.png_randmeans:[0.76612973090562153, 1.1930480208778615, 1828.5306545638305, 5.2176400443705102, 81.558963088137929, 42.84211225572796]
ADoorHues_10.png_designer:[1.0, 1.0, 0.0, 13.898226880014461, 135.12912106257838, 67.20221194127393]
