AbstractColor.png:[[47.653578416486454, 53.119346369514986, 25.686392177186391], [81.22159793118557, 3.3777179896652965, 48.844240391132665], [72.458913102013511, 12.762754459915094, 53.710143001987753], [28.727296125198734, 39.919716980693465, 31.2737655627134], [39.130287012173994, 4.8076433209569833, 35.052557820357535]]
AboardColor610.png:[[73.105359400181811, -5.0859983233571544, -9.2172226523984833], [80.971520607918904, -25.387549901975838, -6.3383790333969126], [83.331909415509358, -10.949330681024605, -2.5601315100403532], [60.154049513355986, -24.923187493577249, -12.426291376886001], [87.365939376208502, -5.4631450335669847, 1.4384093183026803]]
Abovetheclouds610.png:[[92.344002953870103, -6.6229799749001899, 53.503540391082225], [20.518015699193114, 7.1419149137739444, -3.0371032877986592], [74.335359741184504, 25.470489635665782, 51.351488251258971], [47.438697276235963, 10.321478410701578, -5.5289190273091426], [36.574500361239053, 2.9480631271674165, -7.4927953297540544]]
