ADoorHues_10.png_kmeans:[0.72826874762407945, 1.0672785873498407, 1681.815760260949, 20.706599608200595, 80.529578148793945, 49.74203836282824]
ADoorHues_10.png_minibatchmeans:[0.72774934735728192, 1.0480392845138564, 1678.6333076176229, 21.897164983334477, 82.119355687327598, 50.391410321340054]
ADoorHues_10.png_randmeans:[0.2742671157798422, 0.29760436200438173, 2635.9967751173972, 5.8279391978866464, 33.719909917947184, 16.261588941291677]
ADoorHues_10.png_designer:[1.0, 1.0, 0.0, 13.898226880014461, 135.12912106257838, 67.20221194127393]
ADoorPalette.png_kmeans:[1.3634572446939071, 0.94873578891655974, 734.12282624265526, 12.992232430424927, 74.188059264630013, 38.40467962063705]
ADoorPalette.png_minibatchmeans:[1.1347259209219314, 0.98502096248200721, 681.50979102507995, 13.797009362376787, 61.870451006361087, 35.47053308866287]
ADoorPalette.png_randmeans:[1.1465181237455218, 1.4191345219462588, 787.70824631139544, 5.185943439932756, 67.492574012140125, 39.03179406295266]
ADoorPalette.png_designer:[1.0, 1.0, 0.0, 15.131876511847951, 57.743540873754846, 41.50584076015109]
ADoorOrange.png_kmeans:[0.39401161616855623, 0.81317751505779778, 1266.7743796933264, 15.240856346630327, 94.202745153784306, 48.32653570715331]
ADoorOrange.png_minibatchmeans:[0.42240695954745255, 0.58993608863400815, 946.1346657073799, 17.395011611194647, 103.72292243172424, 52.69303272734306]
ADoorOrange.png_randmeans:[0.48858957433048877, 0.05277157592069627, 3555.2815208105562, 2.7536830045348699, 64.74727541781516, 31.602951784988438]
ADoorOrange.png_designer:[1.0, 1.0, 0.0, 11.716591036185269, 113.70315809468384, 72.67391052874196]
ADoorRed.png_kmeans:[3.0646537949141197, 1.5798857908408848, 576.87401103719935, 21.752181902949395, 91.360121296162788, 50.985611599620924]
ADoorRed.png_minibatchmeans:[3.0992118180109136, 1.5815494221813715, 607.44511022538222, 23.246170711323217, 91.628665020437211, 51.07141048503433]
ADoorRed.png_randmeans:[2.4930666552843497, 1.5255451500906936, 1393.8930447885925, 2.0423182489375762, 86.485116246304727, 53.00476593317211]
ADoorRed.png_designer:[1.0, 1.0, 0.0, 17.243197402807827, 64.769264843183933, 36.278846079535285]
