ADoorRed.png_kmeans:[3.0645861021557108, 1.5809397598265862, 564.61633908769613, 21.616543738099917, 91.370463832209779, 51.3353238579859]
ADoorRed.png_minibatchmeans:[3.0717639034236885, 1.5821763174853747, 589.98829134550567, 22.424129827819296, 91.277030429472077, 50.945113509035636]
ADoorRed.png_randmeans:[3.0426706495082443, 1.6790320429768066, 818.40904643549493, 6.2454153961155248, 93.153727357365412, 49.80067449551428]
ADoorRed.png_designer:[1.0, 1.0, 0.0, 17.243197402807827, 64.769264843183933, 36.278846079535285]
ADoorOrange.png_kmeans:[0.39433563327481802, 0.80908287147748037, 1299.5665826030536, 15.301801854938267, 94.446528199181202, 48.27341876650418]
ADoorOrange.png_minibatchmeans:[0.39536777661106437, 0.82496939249871981, 1314.6989467817416, 12.913898034138395, 93.222128581619714, 47.99421511082095]
ADoorOrange.png_randmeans:[0.69380354064690475, 0.20266629044546988, 3476.2540890878313, 3.5154749889275725, 65.015944078218311, 29.980539637662858]
ADoorOrange.png_designer:[1.0, 1.0, 0.0, 11.716591036185269, 113.70315809468384, 72.67391052874196]
ADoorHues_10.png_kmeans:[0.73474110179897822, 1.0750435004604844, 1675.0927091838839, 20.731450750354615, 81.222648546379489, 50.081451875245165]
ADoorHues_10.png_minibatchmeans:[0.71972288715478994, 1.0532510998681515, 1689.2384753108063, 20.25544989195506, 77.522123352567121, 48.776598766006046]
ADoorHues_10.png_randmeans:[1.0492394996906727, 1.1210737292289634, 1572.3760942752556, 17.31232997753688, 79.488749695880188, 47.39943462724827]
ADoorHues_10.png_designer:[1.0, 1.0, 0.0, 13.89822688001448, 135.12912106257838, 67.20221194127393]
ADoorPalette.png_kmeans:[1.3707223400796575, 0.94650100659177883, 730.51159943260222, 12.840370272372649, 74.595944054033538, 38.51918580650731]
ADoorPalette.png_minibatchmeans:[1.2460290664011826, 1.0113273173581594, 669.97334502648221, 14.334857147868778, 67.937903311053333, 37.620981787838545]
ADoorPalette.png_randmeans:[0.56603058610767443, 0.12926254740073814, 1265.9497552233058, 2.8570418982391277, 33.327828529666299, 14.98807070534382]
ADoorPalette.png_designer:[1.0, 1.0, 0.0, 15.131876511847951, 57.743540873754846, 41.50584076015111]
